                 precision    recall  f1-score   support

      中医科       0.44      0.44      0.44      1840
   乳腺外科       0.74      0.89      0.81      1380
         产科       0.67      0.79      0.72      1807
         儿科       0.49      0.61      0.55      1805
   内分泌科       0.62      0.64      0.63      1722
      口腔科       0.79      0.88      0.83      1775
   呼吸内科       0.61      0.70      0.65      1822
         妇科       0.69      0.76      0.73      1819
      康复科       0.72      0.70      0.71       239
      心理科       0.69      0.63      0.66       434
心血管内科       0.64      0.74      0.69      1527
心血管外科       0.58      0.24      0.34       141
      急诊科       0.75      0.72      0.74       978
      性病科       0.75      0.67      0.71       845
      感染科       0.70      0.60      0.65      1150
   整形外科       0.54      0.21      0.31       201
   新生儿科       0.70      0.60      0.64       722
      普外科       0.53      0.45      0.49      1521
   普通内科       0.54      0.33      0.41      1256
   泌尿外科       0.59      0.66      0.62      1817
   消化内科       0.54      0.53      0.54      1701
      烧伤科       0.79      0.53      0.63        62
         男科       0.62      0.62      0.62      1215
      疼痛科       0.54      0.41      0.47      1236
      皮肤科       0.60      0.70      0.65      1829
         眼科       0.77      0.91      0.83      1801
   神经内科       0.61      0.54      0.57      1739
   神经外科       0.70      0.52      0.59      1188
      精神科       0.72      0.72      0.72       747
耳鼻咽喉科       0.72      0.75      0.74      1832
   肛肠外科       0.76      0.83      0.79      1141
   肝胆外科       0.74      0.71      0.72      1215
      肾内科       0.79      0.72      0.75      1131
      肿瘤科       0.73      0.69      0.71      1467
      胸外科       0.52      0.12      0.20       114
   脊柱外科       0.67      0.66      0.66      1088
      血液科       0.79      0.70      0.74      1184
   血管外科       0.74      0.67      0.70       802
风湿免疫科       0.74      0.67      0.70      1172
         骨科       0.64      0.58      0.61      1777

    avg / total       0.66      0.66      0.65     49242
