                 precision    recall  f1-score   support

      中医科       0.55      0.54      0.55      1794
   乳腺外科       0.84      0.87      0.85      1375
         产科       0.77      0.82      0.80      1795
         儿科       0.60      0.65      0.62      1799
   内分泌科       0.76      0.70      0.73      1756
      口腔科       0.88      0.88      0.88      1798
   呼吸内科       0.70      0.73      0.72      1800
         妇科       0.78      0.81      0.79      1797
      康复科       0.81      0.67      0.73       242
      心理科       0.79      0.70      0.74       426
心血管内科       0.73      0.77      0.75      1535
心血管外科       0.71      0.27      0.40       142
      急诊科       0.87      0.79      0.83      1009
      性病科       0.80      0.72      0.76       805
      感染科       0.76      0.64      0.70      1141
   整形外科       0.73      0.35      0.47       173
   新生儿科       0.75      0.65      0.70       701
      普外科       0.58      0.52      0.55      1531
   普通内科       0.63      0.40      0.49      1209
   泌尿外科       0.70      0.70      0.70      1795
   消化内科       0.61      0.66      0.64      1797
      烧伤科       0.75      0.50      0.60        48
         男科       0.68      0.71      0.70      1261
      疼痛科       0.55      0.56      0.55      1156
      皮肤科       0.64      0.80      0.71      1790
         眼科       0.87      0.91      0.89      1796
   神经内科       0.59      0.70      0.64      1797
   神经外科       0.72      0.63      0.67      1212
      精神科       0.76      0.78      0.77       772
耳鼻咽喉科       0.77      0.82      0.79      1798
   肛肠外科       0.84      0.82      0.83      1125
   肝胆外科       0.79      0.78      0.78      1221
      肾内科       0.81      0.74      0.77      1192
      肿瘤科       0.72      0.75      0.73      1415
      胸外科       0.73      0.14      0.24       113
   脊柱外科       0.74      0.66      0.69      1072
      血液科       0.79      0.79      0.79      1156
   血管外科       0.76      0.72      0.74       853
风湿免疫科       0.82      0.76      0.79      1213
         骨科       0.63      0.72      0.67      1799

    avg / total       0.72      0.72      0.72     49209
